1
5
8
13
19
22
24
32
35
38
44
48
55
67
78
81
89
96
100
115
117
119
121
132
138
140
142
146
159
162
164
167
171
176
177
178
184
185
187
193
205
208
210
214
217
219
225
226
231
240
245
247
251
253
261
262
263
269
271
272
274
279
281
295
301
304
307
312
313
318
319
324
332
339
340
344
355
358
365
368
377
380
397
400
401
403
406
408
410
415
418
419
422
423
431
436
437
438
440
443
447
452
457
459
473
479
484
486
490
496
501
504
511
512
514
524
531
532
533
546
547
552
556
559
569
573
583
585
591
593
595
596
610
614
617
618
619
625
626
629
634
643
644
661
662
669
674
677
678
684
686
689
696
697
698
701
706
708
716
730
731
739
743
744
749
753
755
759
764
768
769
771
776
780
785
787
791
793
809
816
824
830
838
842
850
853
856
859
861
872
875
882
885
888
890
894
896
898
900
902
908
911
922
929
931
932
934
937
941
944
949
958
972
979
983
990
991
994
995
1005
1007
1008
1012
1014
1021
1024
1029
1034
1038
1039
1040
1042
1055
1056
1061
1084
1088
1092
1093
1094
1102
1104
1113
1115
1116
1120
1128
1129
1130
1131
1137
1146
1154
1164
1167
1172
1185
1187
1193
1194
1197
1202
1203
1205
1206
1209
1212
1215
1218
1228
1231
1234
1237
1239
1240
1245
1249
1251
1257
1259
1264
1268
1276
1283
1285
1291
1299
1303
1308
1309
1315
1317
1322
1331
1337
1343
1346
1348
1349
1351
1353
1354
1365
1366
1376
1386
1389
1390
1391
1393
1399
1405
1413
1432
1439
1441
1444
1446
1448
1454
1461
1464
1465
1466
1468
1472
1473
1480
1482
1488
1500
1501
1510
1524
1527
1532
1541
1542
1545
1550
1554
1558
1559
1573
1574
1576
1584
1588
1593
1599
1619
1621
1623
1630
1640
1652
1655
1657
1658
1659
1662
1667
1668
1672
1677
1680
1681
1684
1686
1692
1693
1694
1703
1704
1707
1712
1715
1719
1722
1723
1728
1739
1746
1750
1751
1752
1754
1756
1760
1764
1765
1767
1769
1773
1776
1779
1781
1782
1792
1793
1802
1809
1813
1822
1843
1847
1851
1869
1871
1872
1874
1877
1878
1884
1888
1891
1892
1907
1908
1915
1917
1919
1921
1925
1945
1950
1952
1955
1959
1960
1962
1965
1967
1969
1972
1973
1980
1982
1983
1990
1993
2005
2006
2013
2014
2021
2025
2026
2027
2031
2033
2034
2035
2040
2044
2046
2054
2059
2071
2073
2075
2076
2079
2083
2086
2088
2094
2099
2102
2103
2109
2112
2115
2116
2117
2118
2120
2122
2125
2127
2128
2140
2141
2145
2147
2148
2160
2164
2170
2176
2181
2193
2205
2208
2211
2217
2221
2225
2226
2229
2230
2232
2239
2250
2255
2258
2260
2261
2264
2266
2267
2272
