5
8
13
22
24
32
38
55
81
89
96
115
121
142
164
171
177
187
193
205
208
214
226
240
247
251
261
262
263
271
272
274
312
318
319
324
332
344
365
377
397
403
406
410
418
419
431
437
438
452
457
459
473
496
511
514
532
546
552
559
569
573
583
591
595
596
610
617
618
619
625
626
634
643
661
669
677
684
686
689
701
706
708
730
743
744
749
755
759
769
771
776
785
809
830
838
842
850
872
875
882
888
890
902
908
929
931
934
937
941
944
949
972
979
983
991
1005
1008
1024
1029
1040
1088
1092
1093
1116
1129
1130
1131
1154
1167
1172
1187
1193
1194
1206
1209
1215
1218
1231
1237
1240
1245
1249
1259
1283
1309
1337
1351
1353
1354
1365
1366
1389
1390
1393
1399
1432
1454
1464
1465
1468
1473
1480
1488
1510
1532
1541
1542
1545
1558
1573
1574
1584
1593
1599
1619
1623
1640
1652
1658
1667
1672
1680
1681
1692
1703
1704
1715
1722
1728
1739
1751
1756
1760
1765
1767
1793
1802
1813
1822
1847
1871
1872
1884
1888
1917
1921
1945
1952
1960
1962
1965
1967
1969
1983
2025
2026
2027
2033
2035
2044
2046
2059
2071
2076
2079
2083
2088
2094
2099
2102
2109
2115
2116
2117
2122
2125
2127
2128
2147
2148
2160
2164
2170
2176
2205
2208
2217
2232
2239
2250
2255
2258
2261
2266
2267
