0
1
3
5
8
9
12
13
14
16
17
18
19
22
24
26
32
35
38
42
44
46
48
50
53
55
56
58
60
61
64
65
67
69
71
73
78
80
81
89
90
91
92
96
98
99
100
101
105
106
115
117
119
121
128
129
130
131
132
133
136
137
138
139
140
142
145
146
155
157
159
160
161
162
164
165
167
168
169
171
173
176
177
178
181
182
184
185
186
187
189
192
193
194
201
205
206
207
208
210
211
213
214
215
217
219
220
225
226
229
230
231
232
233
236
239
240
244
245
247
248
250
251
252
253
256
258
261
262
263
264
267
268
269
270
271
272
274
276
279
280
281
282
284
291
295
301
302
304
307
311
312
313
315
318
319
322
324
332
333
338
339
340
341
342
344
347
349
355
358
363
365
368
371
375
377
379
380
384
385
393
397
399
400
401
403
404
406
408
409
410
415
418
419
422
423
424
425
429
430
431
433
436
437
438
439
440
441
443
444
445
447
448
450
452
454
455
457
458
459
466
467
468
472
473
477
479
482
483
484
486
487
490
496
500
501
502
504
505
510
511
512
513
514
518
521
524
526
528
531
532
533
544
545
546
547
549
550
552
553
556
558
559
560
565
567
569
573
574
575
576
577
579
580
583
585
587
590
591
593
595
596
598
603
604
610
611
612
614
616
617
618
619
621
625
626
628
629
633
634
639
641
642
643
644
645
652
653
655
659
661
662
667
669
671
672
674
675
677
678
679
683
684
686
689
693
696
697
698
701
702
703
704
706
707
708
715
716
721
724
730
731
736
737
739
741
742
743
744
749
750
753
755
756
757
759
761
764
768
769
770
771
773
774
775
776
777
778
779
780
785
787
790
791
793
794
799
801
802
803
807
808
809
814
816
819
824
825
826
830
832
838
840
841
842
843
846
847
850
852
853
856
859
861
862
863
870
871
872
875
878
882
884
885
887
888
890
894
896
898
900
902
904
908
909
911
916
918
922
924
926
929
931
932
934
935
937
940
941
944
945
949
950
951
955
956
958
959
968
970
972
974
979
982
983
987
988
990
991
993
994
995
1003
1004
1005
1006
1007
1008
1011
1012
1013
1014
1016
1018
1019
1021
1024
1029
1030
1032
1034
1036
1038
1039
1040
1042
1047
1054
1055
1056
1057
1061
1062
1063
1065
1068
1070
1072
1073
1078
1079
1082
1084
1085
1086
1087
1088
1089
1092
1093
1094
1102
1103
1104
1108
1109
1113
1115
1116
1118
1120
1121
1123
1124
1128
1129
1130
1131
1133
1137
1142
1145
1146
1151
1154
1155
1158
1162
1163
1164
1167
1170
1172
1173
1174
1175
1178
1180
1181
1185
1186
1187
1188
1191
1192
1193
1194
1195
1196
1197
1199
1200
1201
1202
1203
1205
1206
1209
1212
1215
1218
1223
1224
1228
1231
1234
1237
1239
1240
1242
1245
1248
1249
1251
1252
1257
1259
1261
1262
1264
1268
1274
1276
1278
1280
1281
1282
1283
1285
1286
1289
1291
1294
1295
1299
1300
1303
1305
1308
1309
1313
1314
1315
1317
1318
1320
1322
1331
1332
1333
1334
1335
1337
1340
1343
1346
1348
1349
1350
1351
1353
1354
1355
1356
1357
1362
1365
1366
1370
1376
1383
1384
1386
1389
1390
1391
1393
1399
1405
1411
1413
1414
1421
1424
1428
1432
1439
1441
1444
1446
1447
1448
1454
1457
1460
1461
1464
1465
1466
1468
1471
1472
1473
1476
1480
1482
1487
1488
1489
1492
1495
1497
1500
1501
1503
1507
1510
1513
1518
1524
1525
1527
1528
1530
1531
1532
1541
1542
1545
1546
1550
1551
1554
1555
1557
1558
1559
1570
1573
1574
1576
1579
1581
1583
1584
1586
1588
1591
1593
1595
1599
1601
1604
1607
1619
1620
1621
1623
1624
1630
1639
1640
1641
1644
1647
1649
1651
1652
1655
1657
1658
1659
1660
1662
1665
1667
1668
1672
1673
1676
1677
1680
1681
1684
1685
1686
1689
1690
1692
1693
1694
1701
1702
1703
1704
1707
1708
1712
1715
1716
1718
1719
1722
1723
1724
1726
1728
1732
1733
1735
1739
1740
1743
1746
1750
1751
1752
1754
1756
1760
1764
1765
1767
1768
1769
1772
1773
1775
1776
1779
1780
1781
1782
1787
1789
1792
1793
1796
1801
1802
1807
1809
1812
1813
1815
1816
1820
1822
1823
1824
1825
1828
1830
1834
1839
1840
1842
1843
1844
1847
1848
1850
1851
1852
1853
1857
1869
1871
1872
1874
1877
1878
1880
1883
1884
1888
1891
1892
1895
1897
1901
1904
1905
1907
1908
1911
1915
1917
1919
1921
1923
1925
1931
1940
1941
1945
1947
1948
1949
1950
1951
1952
1953
1954
1955
1958
1959
1960
1962
1965
1966
1967
1969
1972
1973
1980
1982
1983
1984
1985
1989
1990
1993
1995
2002
2003
2005
2006
2007
2008
2012
2013
2014
2016
2019
2020
2021
2022
2025
2026
2027
2030
2031
2032
2033
2034
2035
2039
2040
2044
2046
2049
2052
2054
2058
2059
2060
2063
2068
2070
2071
2072
2073
2074
2075
2076
2079
2080
2082
2083
2086
2087
2088
2090
2092
2093
2094
2097
2099
2101
2102
2103
2107
2109
2112
2115
2116
2117
2118
2120
2122
2125
2126
2127
2128
2132
2134
2140
2141
2145
2146
2147
2148
2150
2151
2152
2157
2160
2164
2168
2170
2172
2176
2181
2190
2193
2195
2196
2197
2203
2205
2208
2210
2211
2213
2214
2215
2217
2218
2219
2221
2225
2226
2228
2229
2230
2232
2239
2241
2242
2245
2250
2254
2255
2258
2260
2261
2264
2265
2266
2267
2270
2271
2272
