8
32
115
142
164
171
177
208
261
263
272
274
312
344
365
397
403
406
410
431
437
457
459
473
511
514
546
559
569
583
591
595
596
610
619
625
626
643
661
669
684
689
743
749
755
769
771
838
842
850
875
888
902
929
934
944
979
983
991
1024
1029
1088
1092
1116
1129
1154
1167
1215
1218
1231
1240
1245
1259
1309
1337
1351
1353
1354
1366
1389
1390
1393
1432
1464
1465
1480
1532
1542
1558
1573
1584
1619
1652
1658
1667
1722
1765
1793
1802
1813
1847
1871
1872
1952
1960
1962
1967
1969
1983
2026
2027
2044
2071
2099
2102
2115
2116
2122
2127
2128
2148
2160
2164
2176
2208
2232
2255
2258
