0
2
4
7
8
9
10
11
12
13
14
15
17
18
19
20
21
22
23
25
27
28
29
30
31
32
33
37
38
39
42
44
46
47
48
49
50
52
55
56
58
59
60
61
62
64
66
67
68
69
70
72
75
77
79
81
83
84
85
86
88
90
91
92
93
94
96
97
98
99
100
101
102
103
104
105
107
109
110
112
113
114
116
118
120
121
123
124
126
128
129
130
132
134
135
136
137
138
139
140
142
143
144
146
147
148
150
151
152
153
154
156
157
159
161
162
163
164
165
166
167
168
171
172
173
174
175
176
177
178
179
181
182
183
184
188
189
190
191
192
193
194
195
197
198
199
200
201
202
203
204
206
207
208
209
210
211
214
217
219
220
221
222
223
225
226
228
229
230
231
232
233
235
236
237
239
240
241
242
244
245
246
248
249
250
251
253
254
255
257
258
259
260
262
263
266
270
271
272
274
275
277
279
280
281
282
284
285
287
288
289
290
291
292
293
295
297
298
299
300
301
302
303
305
306
307
308
310
311
312
313
316
318
319
320
323
324
325
326
327
328
329
330
331
332
333
334
335
336
338
340
341
342
343
345
346
347
349
351
352
354
355
356
357
358
362
363
364
365
367
368
369
370
371
372
373
374
377
379
381
383
384
387
388
389
391
393
394
396
397
399
400
401
402
403
404
405
408
409
410
413
414
415
416
417
418
419
422
423
424
425
428
429
430
431
433
435
436
437
438
439
440
441
443
444
445
446
447
452
453
455
456
457
458
459
461
462
463
464
468
469
474
475
476
478
480
481
482
483
484
488
489
490
491
492
494
495
496
497
498
499
502
503
504
505
506
507
508
509
510
511
512
513
515
516
517
518
519
520
521
522
524
525
526
527
528
530
532
534
540
541
542
543
544
545
547
549
550
551
554
556
557
558
560
562
563
564
566
567
569
572
573
574
575
576
577
578
579
581
582
584
585
586
590
592
593
594
595
597
599
600
602
603
607
608
609
611
612
613
615
616
617
618
619
621
622
624
625
629
630
631
633
634
635
639
640
644
645
646
647
648
649
651
652
653
654
657
658
659
660
662
664
665
666
667
671
673
674
678
679
680
682
683
684
685
686
688
689
690
691
692
695
696
697
698
699
700
701
703
704
705
706
707
708
709
710
716
718
719
720
721
722
725
726
727
731
732
733
736
737
740
741
744
746
748
749
750
751
752
754
755
757
758
760
762
763
764
766
768
771
774
775
777
779
780
782
783
784
785
787
788
789
790
791
793
794
795
797
798
799
800
801
802
803
804
805
806
807
808
810
813
815
816
817
818
819
821
822
824
826
827
828
829
832
833
834
835
836
837
838
839
840
841
842
843
844
845
846
848
849
850
851
852
855
856
860
861
862
863
865
866
867
869
873
874
875
877
878
879
880
881
882
883
884
885
886
888
889
890
891
893
894
895
896
897
898
899
900
901
903
904
905
909
911
915
916
918
920
921
923
924
926
927
931
933
934
935
936
937
938
939
941
942
943
944
945
946
947
948
951
953
954
955
956
957
958
959
961
963
964
966
967
969
970
971
973
974
975
976
977
980
983
984
985
986
987
988
989
992
993
994
995
996
997
998
999
1000
1001
1002
1003
1004
1005
1006
1008
1009
1010
1011
1013
1016
1017
1019
1020
1021
1023
1025
1026
1027
1028
1030
1031
1033
1034
1035
1036
1037
1039
1041
1042
1044
1045
1046
1048
1049
1050
1051
1052
1054
1055
1058
1059
1060
1061
1062
1063
1064
1066
1067
1068
1072
1073
1075
1076
1077
1078
1079
1080
1082
1083
1084
1087
1089
1090
1092
1094
1095
1096
1097
1098
1099
1100
1101
1102
1103
1104
1105
1107
1108
1109
1110
1113
1114
1115
1119
1120
1122
1123
1124
1125
1127
1130
1131
1132
1134
1135
1136
1137
1138
1139
1141
1143
1144
1145
1146
1147
1149
1150
1153
1155
1156
1157
1159
1160
1161
1162
1163
1164
1166
1169
1170
1171
1173
1175
1176
1177
1180
1181
1182
1184
1186
1187
1188
1189
1190
1191
1193
1198
1200
1202
1204
1205
1206
1207
1208
1209
1210
1211
1212
1213
1214
1215
1216
1217
1218
1220
1221
1225
1226
1228
1231
1232
1233
1234
1236
1240
1242
1244
1246
1247
1249
1250
1251
1252
1253
1255
1257
1259
1260
1261
1263
1264
1265
1266
1267
1268
1269
1270
1271
1272
1273
1274
1275
1276
1277
1278
1279
1280
1281
1283
1284
1285
1288
1289
1290
1291
1294
1298
1300
1301
1302
1303
1304
1305
1306
1307
1309
1310
1311
1312
1313
1314
1317
1318
1319
1320
1323
1324
1325
1327
1329
1331
1332
1333
1335
1337
1338
1339
1340
1341
1342
1343
1344
1345
1348
1349
1350
1353
1354
1356
1357
1359
1360
1361
1362
1363
1364
1365
1367
1368
1369
1370
1371
1373
1374
1375
1376
1377
1379
1383
1385
1386
1387
1390
1392
1393
1396
1398
1399
1400
1401
1403
1405
1408
1409
1412
1413
1414
1416
1417
1421
1422
1423
1424
1425
1427
1428
1431
1433
1436
1437
1438
1439
1440
1441
1442
1443
1445
1446
1447
1449
1450
1451
1454
1456
1460
1461
1463
1464
1465
1466
1467
1468
1469
1471
1473
1475
1476
1477
1478
1481
1482
1483
1484
1486
1487
1488
1489
1491
1492
1494
1495
1496
1497
1498
1500
1501
1502
1504
1505
1507
1509
1510
1511
1513
1514
1516
1517
1519
1521
1523
1524
1525
1527
1528
1529
1531
1532
1533
1537
1538
1539
1540
1541
1542
1543
1545
1549
1550
1552
1553
1554
1558
1559
1560
1562
1563
1566
1567
1568
1569
1570
1573
1574
1575
1576
1581
1582
1585
1587
1588
1589
1590
1591
1592
1593
1594
1596
1597
1599
1604
1605
1607
1608
1609
1610
1612
1613
1614
1616
1617
1618
1619
1623
1624
1627
1628
1629
1630
1631
1633
1636
1638
1639
1640
1641
1642
1643
1644
1647
1649
1650
1651
1652
1654
1655
1656
1657
1658
1659
1661
1662
1663
1664
1665
1666
1668
1669
1670
1672
1673
1674
1675
1676
1679
1680
1681
1682
1683
1684
1685
1686
1688
1689
1692
1693
1695
1698
1699
1700
1702
1703
1704
1705
1709
1711
1713
1714
1715
1716
1717
1718
1719
1721
1722
1724
1726
1727
1730
1732
1733
1734
1736
1737
1738
1740
1741
1742
1744
1745
1746
1747
1748
1749
1750
1751
1752
1753
1754
1755
1757
1760
1761
1763
1764
1765
1767
1768
1769
1771
1772
1773
1774
1776
1780
1781
1783
1784
1785
1786
1787
1788
1789
1790
1791
1792
1793
1795
1796
1797
1798
1799
1800
1803
1806
1807
1809
1810
1813
1815
1816
1821
1822
1823
1824
1827
1828
1830
1835
1840
1841
1842
1843
1845
1846
1848
1850
1851
1853
1855
1857
1858
1859
1860
1861
1862
1863
1864
1866
1867
1869
1870
1871
1872
1876
1880
1881
1882
1884
1887
1888
1890
1891
1892
1893
1894
1895
1896
1897
1898
1899
1903
1904
1906
1910
1911
1912
1914
1916
1917
1918
1919
1921
1922
1925
1926
1927
1929
1931
1932
1933
1934
1936
1938
1940
1941
1942
1943
1944
1946
1947
1948
1950
1951
1953
1954
1957
1959
1964
1965
1966
1967
1968
1969
1970
1972
1974
1975
1976
1978
1979
1980
1981
1982
1983
1985
1987
1988
1989
1991
1992
1995
1996
1997
1998
2001
2002
2006
2008
2009
2010
2012
2013
2014
2015
2021
2022
2023
2024
2026
2027
2028
2029
2032
2033
2034
2035
2040
2043
2045
2047
2048
2050
2051
2052
2053
2057
2058
2059
2060
2061
2062
2063
2064
2066
2068
2069
2073
2075
2076
2077
2078
2079
2082
2085
2087
2088
2089
2090
2091
2092
2093
2094
2095
2099
2101
2103
2104
2105
2106
2107
2108
2109
2111
2113
2114
2116
2118
2119
2120
2121
2122
2123
2124
2125
2126
2127
2128
2129
2130
2131
2132
2134
2135
2136
2138
2139
2140
2141
2142
2143
2145
2146
2147
2149
2150
2152
2155
2156
2157
2158
2159
2161
2162
2163
2165
2166
2167
2168
2169
2170
2171
2172
2174
2175
2180
2182
2183
2184
2185
2187
2189
2190
2191
2192
2194
2195
2196
2197
2200
2202
2203
2204
2205
2207
2209
2210
2211
2212
2213
2214
2215
2216
2217
2218
2219
2220
2221
2222
2223
2224
2225
2227
2230
2232
2235
2237
2238
2239
2240
2241
2242
2243
2245
2246
2247
2248
2249
2250
2251
2253
2254
2256
2257
2258
2259
2260
2261
2262
2267
2268
2269
2270
2271
2272
2273
