0
1
3
4
5
8
9
11
12
13
14
16
17
18
19
21
22
24
25
26
28
29
32
35
38
42
44
46
47
48
50
53
54
55
56
58
59
60
61
64
65
67
69
70
71
73
75
77
78
80
81
83
85
86
87
88
89
90
91
92
96
98
99
100
101
103
104
105
106
108
109
110
111
112
115
116
117
118
119
121
127
128
129
130
131
132
133
135
136
137
138
139
140
142
143
145
146
150
154
155
157
158
159
160
161
162
163
164
165
166
167
168
169
170
171
172
173
176
177
178
181
182
184
185
186
187
188
189
190
191
192
193
194
198
200
201
205
206
207
208
210
211
213
214
215
216
217
219
220
221
222
224
225
226
227
229
230
231
232
233
234
235
236
237
238
239
240
241
243
244
245
246
247
248
249
250
251
252
253
256
258
261
262
263
264
266
267
268
269
270
271
272
274
275
276
279
280
281
282
283
284
285
290
291
293
294
295
296
297
301
302
304
305
306
307
311
312
313
314
315
318
319
322
323
324
325
327
329
330
332
333
338
339
340
341
342
344
345
346
347
348
349
350
352
353
354
355
358
362
363
364
365
367
368
371
373
375
377
378
379
380
382
384
385
386
387
391
393
395
397
399
400
401
403
404
405
406
408
409
410
411
414
415
418
419
422
423
424
425
429
430
431
433
434
435
436
437
438
439
440
441
442
443
444
445
447
448
450
452
453
454
455
456
457
458
459
461
462
465
466
467
468
471
472
473
474
476
477
478
479
481
482
483
484
486
487
490
491
492
493
494
495
496
500
501
502
503
504
505
506
510
511
512
513
514
515
516
518
521
522
524
526
528
531
532
533
536
537
538
544
545
546
547
549
550
551
552
553
554
556
557
558
559
560
562
564
565
567
569
570
572
573
574
575
576
577
578
579
580
583
585
587
588
590
591
592
593
595
596
598
603
604
605
608
610
611
612
613
614
615
616
617
618
619
620
621
622
624
625
626
627
628
629
631
633
634
635
637
639
641
642
643
644
645
646
648
652
653
654
655
656
657
658
659
661
662
664
667
669
670
671
672
674
675
677
678
679
682
683
684
685
686
687
689
690
692
693
696
697
698
700
701
702
703
704
706
707
708
713
715
716
721
722
724
725
729
730
731
732
733
734
736
737
738
739
741
742
743
744
745
747
748
749
750
753
755
756
757
759
761
763
764
765
768
769
770
771
773
774
775
776
777
778
779
780
782
785
787
790
791
792
793
794
798
799
801
802
803
804
806
807
808
809
810
811
814
816
818
819
820
822
824
825
826
828
829
830
831
832
834
836
838
839
840
841
842
843
845
846
847
848
850
851
852
853
856
859
861
862
863
865
870
871
872
873
875
878
880
881
882
884
885
886
887
888
889
890
894
895
896
897
898
899
900
901
902
903
904
905
906
907
908
909
911
916
917
918
919
921
922
924
926
929
931
932
934
935
937
938
939
940
941
944
945
946
948
949
950
951
953
954
955
956
958
959
960
961
962
966
968
970
971
972
973
974
977
978
979
980
981
982
983
985
986
987
988
989
990
991
993
994
995
999
1003
1004
1005
1006
1007
1008
1011
1012
1013
1014
1015
1016
1018
1019
1021
1024
1026
1027
1029
1030
1032
1034
1035
1036
1037
1038
1039
1040
1042
1044
1047
1048
1054
1055
1056
1057
1058
1059
1061
1062
1063
1064
1065
1066
1068
1069
1070
1072
1073
1077
1078
1079
1082
1084
1085
1086
1087
1088
1089
1091
1092
1093
1094
1095
1096
1099
1100
1101
1102
1103
1104
1106
1108
1109
1110
1111
1113
1115
1116
1118
1119
1120
1121
1122
1123
1124
1127
1128
1129
1130
1131
1133
1135
1136
1137
1139
1142
1144
1145
1146
1149
1150
1151
1153
1154
1155
1158
1159
1161
1162
1163
1164
1165
1166
1167
1168
1170
1171
1172
1173
1174
1175
1176
1178
1180
1181
1185
1186
1187
1188
1189
1191
1192
1193
1194
1195
1196
1197
1199
1200
1201
1202
1203
1205
1206
1207
1208
1209
1212
1213
1215
1218
1219
1220
1223
1224
1228
1229
1230
1231
1232
1233
1234
1236
1237
1238
1239
1240
1242
1245
1246
1247
1248
1249
1250
1251
1252
1255
1256
1257
1258
1259
1260
1261
1262
1263
1264
1265
1266
1268
1269
1272
1274
1275
1276
1278
1279
1280
1281
1282
1283
1285
1286
1289
1290
1291
1292
1293
1294
1295
1296
1299
1300
1301
1302
1303
1304
1305
1307
1308
1309
1310
1311
1313
1314
1315
1316
1317
1318
1319
1320
1322
1324
1328
1330
1331
1332
1333
1334
1335
1337
1338
1340
1341
1342
1343
1345
1346
1348
1349
1350
1351
1353
1354
1355
1356
1357
1359
1361
1362
1363
1365
1366
1367
1368
1370
1371
1376
1377
1379
1380
1381
1383
1384
1386
1387
1388
1389
1390
1391
1393
1394
1395
1396
1398
1399
1403
1404
1405
1407
1411
1412
1413
1414
1415
1416
1421
1422
1424
1428
1432
1434
1439
1441
1442
1443
1444
1446
1447
1448
1451
1454
1457
1459
1460
1461
1462
1463
1464
1465
1466
1468
1470
1471
1472
1473
1476
1478
1479
1480
1482
1485
1486
1487
1488
1489
1492
1493
1495
1497
1498
1499
1500
1501
1502
1503
1505
1507
1509
1510
1512
1513
1515
1517
1518
1520
1524
1525
1527
1528
1530
1531
1532
1534
1536
1539
1540
1541
1542
1543
1544
1545
1546
1550
1551
1554
1555
1556
1557
1558
1559
1560
1561
1562
1563
1564
1565
1566
1568
1570
1572
1573
1574
1575
1576
1579
1581
1583
1584
1586
1587
1588
1589
1590
1591
1593
1595
1597
1599
1601
1604
1606
1607
1610
1614
1616
1618
1619
1620
1621
1623
1624
1625
1628
1629
1630
1632
1635
1636
1637
1639
1640
1641
1642
1643
1644
1647
1648
1649
1650
1651
1652
1653
1655
1656
1657
1658
1659
1660
1662
1663
1665
1666
1667
1668
1670
1671
1672
1673
1676
1677
1678
1679
1680
1681
1682
1684
1685
1686
1689
1690
1691
1692
1693
1694
1695
1697
1698
1700
1701
1702
1703
1704
1707
1708
1709
1710
1711
1712
1713
1715
1716
1717
1718
1719
1721
1722
1723
1724
1725
1726
1728
1730
1731
1732
1733
1734
1735
1736
1739
1740
1741
1742
1743
1746
1747
1748
1750
1751
1752
1754
1755
1756
1757
1758
1759
1760
1762
1764
1765
1766
1767
1768
1769
1771
1772
1773
1775
1776
1778
1779
1780
1781
1782
1785
1787
1789
1791
1792
1793
1794
1795
1796
1798
1801
1802
1806
1807
1808
1809
1811
1812
1813
1814
1815
1816
1817
1819
1820
1822
1823
1824
1825
1826
1827
1828
1829
1830
1831
1833
1834
1835
1837
1838
1839
1840
1842
1843
1844
1845
1846
1847
1848
1849
1850
1851
1852
1853
1856
1857
1860
1863
1865
1867
1869
1870
1871
1872
1873
1874
1877
1878
1880
1882
1883
1884
1885
1886
1887
1888
1891
1892
1893
1895
1896
1897
1898
1901
1904
1905
1906
1907
1908
1910
1911
1913
1915
1916
1917
1918
1919
1920
1921
1923
1925
1928
1930
1931
1934
1936
1937
1940
1941
1943
1944
1945
1947
1948
1949
1950
1951
1952
1953
1954
1955
1958
1959
1960
1961
1962
1965
1966
1967
1968
1969
1972
1973
1974
1975
1976
1977
1980
1982
1983
1984
1985
1989
1990
1991
1993
1995
1996
1998
1999
2002
2003
2004
2005
2006
2007
2008
2010
2012
2013
2014
2015
2016
2019
2020
2021
2022
2025
2026
2027
2030
2031
2032
2033
2034
2035
2037
2039
2040
2041
2042
2044
2046
2047
2048
2049
2051
2052
2054
2055
2056
2057
2058
2059
2060
2063
2064
2066
2068
2069
2070
2071
2072
2073
2074
2075
2076
2079
2080
2082
2083
2086
2087
2088
2089
2090
2092
2093
2094
2095
2097
2098
2099
2101
2102
2103
2104
2105
2106
2107
2108
2109
2110
2112
2115
2116
2117
2118
2120
2122
2125
2126
2127
2128
2129
2131
2132
2134
2135
2136
2140
2141
2142
2144
2145
2146
2147
2148
2150
2151
2152
2155
2157
2159
2160
2162
2164
2166
2168
2169
2170
2171
2172
2173
2174
2176
2177
2178
2179
2181
2182
2185
2190
2193
2195
2196
2197
2200
2202
2203
2205
2207
2208
2209
2210
2211
2212
2213
2214
2215
2217
2218
2219
2221
2222
2224
2225
2226
2228
2229
2230
2231
2232
2233
2235
2237
2238
2239
2241
2242
2243
2244
2245
2246
2247
2248
2249
2250
2252
2254
2255
2258
2259
2260
2261
2264
2265
2266
2267
2270
2271
2272
2273
